000
000
000
000
000
000
000
641
000
64D
000
000
000
5CD
274
000
000
000
62A
5B5
000
637
000
000
000
622
000
000
000
000
000
64D
212
21C
000
000
1AC
000
5F2
206
000
000
5A0
200
000
000
000
000
000
255
000
000
000
256
5C8
654
5E0
000
000
000
000
000
000
000
000
000
607
000
65C
000
000
000
000
618
268
000
213
000
642
1A8
62A
000
000
1CD
000
24D
000
630
258
000
000
000
5DA
000
000
000
000
000
000
231
000
000
60D
26F
238
000
000
000
000
000
000
000
5DF
1E2
000
1E9
5E0
25C
5BB
260
221
1AA
1E6
000
000
5E5
000
000
000
000
000
1D0
230
000
000
000
000
000
000
000
000
000
000
000
1E0
000
1A4
000
596
635
000
000
000
000
5CE
000
252
000
65C
263
000
000
000
000
1AF
5AD
000
65A
000
000
000
5F6
000
000
000
63E
000
000
5BD
5A6
000
000
000
000
5C7
000
000
000
232
1A7
000
000
000
000
000
000
000
215
5DD
000
000
000
000
1D6
5E1
5EA
25F
5BD
000
60A
000
000
60B
000
000
000
000
000
000
000
5C8
000
000
1AC
658
642
000
000
000
5D9
60E
000
23A
1C0
000
000
000
000
000
270
607
600
000
60F
000
000
000
242
000
000
1F9
000
000
000
000
000
000
5B8
000
000
000
5A5
27D
000
000
5D7
000
000
000
1AB
601
000
000
000
000
000
000
000
000
000
000
000
000
000
20C
000
5C5
21C
000
000
000
64D
000
000
630
000
000
000
000
000
5D4
000
000
000
000
000
000
000
000
618
217
000
5E3
000
000
236
000
000
000
1FC
000
000
612
000
5C4
000
000
1CA
000
000
223
000
000
21C
000
000
000
633
000
000
000
000
000
244
000
000
000
000
663
000
248
601
000
000
1E9
624
000
59F
000
275
000
000
000
000
613
000
000
000
000
1F1
000
000
1A2
60D
000
000
000
250
59C
000
214
5C2
000
000
000
000
198
63B
000
000
000
000
260
000
000
000
5DB
1B2
000
000

